.Random.seed <-
c(403L, 10L, -264487952L, -2085100914L, 100095481L, -1887352949L, 
603739066L, 880618172L, -99900929L, -743690411L, 514369644L, 
524623042L, 215414557L, 595373463L, 1403292926L, 1124800184L, 
1359145115L, 1334413049L, -1333589944L, 184023926L, 890904241L, 
258576099L, -440607310L, -229865980L, 1325759815L, 2042705949L, 
-2067177836L, 996480570L, -2124023675L, -691868321L, -1456224794L, 
-434029456L, -891805805L, 1701492785L, 502970080L, -1415020674L, 
-979421687L, 383966779L, 794345482L, 1889591276L, 264901743L, 
1246489509L, 1179896668L, 1195480882L, -1693555155L, -267506457L, 
1542225422L, -428686360L, 2052742635L, 2042267273L, -1936804328L, 
-1914110650L, 2050169761L, 2139051571L, -676230238L, -1522090348L, 
-1627497193L, 679987981L, 1683003940L, 743834122L, -1972298891L, 
659160783L, -1498672682L, 1007680896L, -1777535549L, -1547693215L, 
-1411405360L, -1585913554L, 576587993L, 1258291947L, -967504038L, 
836991260L, -668938209L, 850164853L, -715118324L, 1890493666L, 
1645358525L, -28616137L, 1039460574L, 1872446488L, -609232005L, 
-1116484839L, 433944488L, 637392726L, -1280602159L, 1204030339L, 
-808260078L, 949471652L, -1528828569L, -1367010627L, 900665908L, 
-779056742L, 996177381L, -1846767233L, -493274874L, 1171219088L, 
374481715L, 1128708305L, -1848690048L, -248476834L, -1543284567L, 
-1573569701L, -139744918L, 41851916L, -1747354545L, -1860915963L, 
1413631420L, -334731118L, -341619827L, 692513735L, -747949906L, 
217661704L, -2134778101L, -1669764631L, 1763749560L, 353941862L, 
-1622017535L, 312079507L, 1497616194L, 1795047668L, -2000470793L, 
1835840749L, -83277948L, -459753046L, -1670521067L, 323452335L, 
1516291510L, 1042324448L, -1001262301L, -6917055L, 1921165104L, 
-1160428210L, 598394809L, -1283620405L, -1593597318L, -1895651460L, 
-850876481L, 505852053L, 58179244L, -62714750L, -2118288291L, 
1567826775L, -1401283010L, -511782280L, -1895808677L, -1379430215L, 
1341604104L, -1606184010L, 1254052081L, 1322510115L, -1840193166L, 
1039414212L, 1208500103L, -161807011L, -636454060L, 261308794L, 
1026018501L, -496439777L, 1387489702L, -378295504L, -381818413L, 
727945201L, 785488160L, 1374259134L, -188168247L, 287623035L, 
-24240822L, 2107193772L, 2047898799L, -803565979L, 1478268444L, 
1179961458L, -475664659L, 1011462951L, 585166670L, -189888600L, 
786232235L, -1389236023L, 1708882136L, 493880710L, 1998814305L, 
-1998737933L, 430287970L, 246180564L, -2095973417L, -1800547891L, 
-1164794524L, -1448472246L, 1811937461L, -417935345L, 117655830L, 
-229755968L, 451665795L, -984183391L, 253981072L, -1349019026L, 
2094259225L, -2094702421L, -1214880614L, -1034144676L, 916115807L, 
1444418357L, -2083096884L, -1312193502L, -1817831811L, 1814662007L, 
2025030814L, -693836968L, 1347798715L, -627890087L, 647011304L, 
-853262826L, -2080472687L, 1153217091L, 139866450L, -874838556L, 
1135692839L, 1136793725L, 1214727540L, -932861606L, 1675214757L, 
689643455L, 2074276934L, -904777008L, 1506237683L, -2043856367L, 
1759616064L, -1692200930L, 1347948265L, 1702881256L, -1710989364L, 
-1372388612L, -231275022L, -1808221056L, 1309792500L, 550550152L, 
-397628614L, -632113328L, 560855660L, -721696620L, 30212434L, 
-1333893408L, 1624970956L, -167765856L, 2079299458L, 1603372776L, 
1816657644L, -1664753604L, 1457514098L, 2118546544L, -1307665884L, 
-93067208L, 1464659994L, 528049872L, 1849023548L, 1838636180L, 
-673363838L, 396001216L, -765671108L, 810477200L, 2084003874L, 
-389810168L, -2021614452L, 148132892L, 673991314L, -336408448L, 
1830085652L, -1164625624L, 1485412922L, -935168816L, 325948524L, 
617524916L, -2065414126L, -1456699424L, -1573297204L, -2071462432L, 
1912029730L, 1214786856L, -1240783604L, -58565060L, 836702450L, 
1846038256L, -2082050236L, 751402584L, 1199557178L, -7868688L, 
40243388L, 1397854740L, 1135252674L, 1060058208L, 667516284L, 
477778128L, -81837022L, 1801281192L, -528579700L, -1130918468L, 
1881996338L, 1972348736L, 1067852980L, 1373497160L, 1722518202L, 
617660176L, 1822219500L, -410368940L, -361271534L, -1661847648L, 
558322636L, 703574880L, -932199230L, -990636504L, 2112607660L, 
6433596L, 420624242L, 423778096L, 128488996L, 13607992L, -2052144934L, 
-1299573360L, -436716804L, -1640950892L, -345319614L, 247848448L, 
1360430652L, -392279472L, 841733794L, 1501021000L, -1748454900L, 
873134300L, -1234650542L, 567660672L, 1911737172L, 1912120808L, 
-957759750L, -1360983216L, -1369166804L, 1326532980L, 1928722066L, 
774065760L, 747906700L, 883488608L, -119170334L, -851890008L, 
568999116L, 2062672380L, 1551744946L, -812996112L, 645367236L, 
525196120L, 639209338L, 2122290608L, -1145170500L, 1370457172L, 
1934837698L, -218159328L, 1233435580L, 423089744L, -2143131166L, 
-1417013912L, -125883060L, -887286532L, -1030645006L, 715629312L, 
-1510502796L, 372200456L, 1120631226L, -1666223152L, -189110804L, 
456642452L, 824721106L, 931777120L, -1433051828L, 1192468768L, 
-883163518L, -572017176L, -1033440276L, -845456836L, 1736808050L, 
605195120L, 2065183012L, -1694293448L, -1803863654L, 1890913744L, 
872857020L, -174586732L, -604919678L, -1521787456L, -1151164612L, 
2067927184L, 767355682L, -1978902008L, 1596025100L, 343431580L, 
272632338L, 772374400L, 980609812L, -950283992L, -683894726L, 
-32138288L, 1313156716L, 1066373684L, 285836946L, -1892520608L, 
-286521012L, -2136587296L, -573083230L, -1572808280L, 405444236L, 
-668824132L, -161152398L, -1964897296L, 1384018500L, 34975832L, 
-220920774L, 604894320L, -985091012L, -1414777580L, -1774732606L, 
-1427106080L, -1706873732L, -549872944L, -368195166L, -2069406680L, 
-194488564L, -1820582468L, -176752846L, 2040725184L, -780115916L, 
-1011695928L, 1995040954L, 2110091920L, -602652948L, 1031252564L, 
1732767378L, -1983771360L, -1661303348L, -163782944L, -2049702718L, 
-1438270424L, -1759894612L, 302780092L, 556513266L, -608957904L, 
-109902940L, -978862664L, 1980309338L, -76070768L, -1537405060L, 
-1792805612L, 530823490L, -67119872L, -1181625924L, -1772456624L, 
-1908506334L, -2107092408L, -875031540L, -719744420L, 792436257L, 
1874941414L, -536761116L, 884675605L, -827997121L, -1864168488L, 
509107702L, 530898435L, -475850427L, -1575928478L, -2049909040L, 
-584844807L, -1007417045L, -2071956836L, -2072241974L, -1688432193L, 
636286217L, -596216290L, -1105450036L, -865850979L, 757376039L, 
1879730768L, -223340818L, -100814949L, 1595121149L, -2002517782L, 
167125896L, 443993393L, 1380890019L, 256139684L, 438858834L, 
-647589977L, -738161679L, 401125174L, 613321684L, -254893723L, 
-1585029777L, -328884312L, -290827002L, -1695228877L, -107709803L, 
-553465102L, 1029321536L, 2014779561L, -61813477L, 1952455404L, 
-1320696070L, -503949521L, 1470093113L, 1146390862L, -2125383780L, 
-1063316211L, 109346679L, 1386240896L, 192532958L, -291821909L, 
-1245476435L, -1039278566L, 868245720L, -362943167L, 2084914675L, 
-346708972L, 1720986018L, 612630199L, 2013386881L, 57061510L, 
-447257404L, -34979339L, 424451167L, -606372168L, 1324396438L, 
-210262621L, 385300837L, -998510462L, -485705232L, 199339929L, 
-1910863477L, -864250756L, 1213824682L, 1153923295L, -93942167L, 
-2122097538L, 1247999084L, -314350403L, 500268423L, -753182352L, 
82123790L, 627061051L, -1529151971L, 1522483914L, -634376728L, 
835007185L, 1332047555L, -277592636L, -1012862350L, -476689593L, 
15495953L, 389660310L, 64631796L, 952876421L, 33575119L, -1590642232L, 
344381542L, 1876545171L, -787276299L, 1640701906L, 671054880L, 
-1087062519L, 1907918651L, -1211610484L, 1050890010L, 2111291791L, 
-1981776167L, -1047395986L, 960482556L, -199883155L, -750185961L, 
-1974466592L, 806601662L, -1315790453L, 316871181L, 290254394L, 
1899292280L, -926011871L, -1782800173L, -1235075084L, 590649474L, 
1999769879L, -1970870303L, 1934602534L, -689205212L, 1550217941L, 
491847295L, 44789528L, 359685686L, -887254845L, -1158755067L, 
1436120226L, 142707344L, -413469127L, 585672427L, 227284956L, 
528046602L, 633670911L, -88102583L, 214588126L, -1875113844L, 
-294846371L, 679177831L, -728424560L, -1955204178L, 68418139L, 
